,0,1,2,3,4,5,6,7,8,9,10,11,12,13,14,15,16,17,18,19,20,21,22,23,24,25,26,27,28,29,30,31,32,33,34,35,36,37,38,39,40,41,42,43,44,45,46,47,48,49,50,51,52,53,54,55,56,57,58,59,60,61,62,63,64,65,66,67,68,69,70,71,72,73,74,75,76,77,78,79,80,81,82,83,84,85,86,87,88,89,90,91,92,93,94,95,96,97,98,99,100,101,102,103,104,105,106,107,108,109,110,111,112,113,114,115,116,117,118,119,120,121,122,123,124,125,126,127,128,129,130,131,132,133,134,135,136,137,138,139,140,141,142,143,144,145,146,147,148,149,150,151,152,153,154,155,156,157,158,159,160,161,162,163,164,165,166,167,168,169,170,171,172,173,174,175,176,177,178,179,180,181,182,183,184,185,186,187,188,189,190,191,192,193,194,195,196,197,198,199,200
0,1.00E+00,1.00E+00,2.00E+00,4.00E+00,7.00E+00,1.30E+01,2.40E+01,4.40E+01,8.10E+01,1.49E+02,2.74E+02,5.04E+02,9.27E+02,1.71E+03,3.14E+03,5.77E+03,1.06E+04,1.95E+04,3.59E+04,6.60E+04,1.21E+05,2.23E+05,4.11E+05,7.55E+05,1.39E+06,2.56E+06,4.70E+06,8.65E+06,1.59E+07,2.92E+07,5.38E+07,9.90E+07,1.82E+08,3.35E+08,6.16E+08,1.13E+09,2.08E+09,3.83E+09,7.05E+09,1.30E+10,2.38E+10,4.38E+10,8.06E+10,1.48E+11,2.73E+11,5.02E+11,9.23E+11,1.70E+12,3.12E+12,5.74E+12,1.06E+13,1.94E+13,3.57E+13,6.57E+13,1.21E+14,2.22E+14,4.09E+14,7.52E+14,1.38E+15,2.54E+15,4.68E+15,8.61E+15,1.58E+16,2.91E+16,5.36E+16,9.85E+16,1.81E+17,3.33E+17,6.13E+17,1.13E+18,2.07E+18,3.81E+18,7.02E+18,1.29E+19,2.37E+19,4.37E+19,8.03E+19,1.48E+20,2.72E+20,5.00E+20,9.19E+20,1.69E+21,3.11E+21,5.72E+21,1.05E+22,1.93E+22,3.56E+22,6.54E+22,1.20E+23,2.21E+23,4.07E+23,7.49E+23,1.38E+24,2.53E+24,4.66E+24,8.57E+24,1.58E+25,2.90E+25,5.33E+25,9.81E+25,1.80E+26,3.32E+26,6.10E+26,1.12E+27,2.06E+27,3.80E+27,6.98E+27,1.28E+28,2.36E+28,4.35E+28,7.99E+28,1.47E+29,2.70E+29,4.97E+29,9.15E+29,1.68E+30,3.09E+30,5.69E+30,1.05E+31,1.93E+31,3.54E+31,6.51E+31,1.20E+32,2.20E+32,4.05E+32,7.46E+32,1.37E+33,2.52E+33,4.64E+33,8.53E+33,1.57E+34,2.89E+34,5.31E+34,9.76E+34,1.80E+35,3.30E+35,6.08E+35,1.12E+36,2.06E+36,3.78E+36,6.95E+36,1.28E+37,2.35E+37,4.33E+37,7.96E+37,1.46E+38,2.69E+38,4.95E+38,9.11E+38,1.68E+39,3.08E+39,5.67E+39,1.04E+40,1.92E+40,3.53E+40,6.49E+40,1.19E+41,2.19E+41,4.04E+41,7.42E+41,1.37E+42,2.51E+42,4.62E+42,8.49E+42,1.56E+43,2.87E+43,5.29E+43,9.72E+43,1.79E+44,3.29E+44,6.05E+44,1.11E+45,2.05E+45,3.76E+45,6.92E+45,1.27E+46,2.34E+46,4.31E+46,7.92E+46,1.46E+47,2.68E+47,4.93E+47,9.07E+47,1.67E+48,3.07E+48,5.64E+48,1.04E+49,1.91E+49,3.51E+49,6.46E+49,1.19E+50,2.18E+50,4.02E+50,7.39E+50,1.36E+51,2.50E+51,4.60E+51,8.46E+51,1.56E+52,2.86E+52,5.26E+52
1,1.00E+00,2.00E+00,5.00E+00,1.20E+01,2.60E+01,5.60E+01,1.18E+02,2.44E+02,4.99E+02,1.01E+03,2.03E+03,4.04E+03,8.00E+03,1.58E+04,3.10E+04,6.05E+04,1.18E+05,2.29E+05,4.43E+05,8.56E+05,1.65E+06,3.17E+06,6.09E+06,1.17E+07,2.23E+07,4.26E+07,8.13E+07,1.55E+08,2.95E+08,5.60E+08,1.06E+09,2.02E+09,3.82E+09,7.24E+09,1.37E+10,2.59E+10,4.89E+10,9.23E+10,1.74E+11,3.28E+11,6.19E+11,1.16E+12,2.19E+12,4.12E+12,7.75E+12,1.46E+13,2.74E+13,5.14E+13,9.65E+13,1.81E+14,3.39E+14,6.36E+14,1.19E+15,2.23E+15,4.18E+15,7.83E+15,1.47E+16,2.74E+16,5.13E+16,9.59E+16,1.79E+17,3.35E+17,6.26E+17,1.17E+18,2.18E+18,4.08E+18,7.62E+18,1.42E+19,2.65E+19,4.95E+19,9.23E+19,1.72E+20,3.21E+20,5.98E+20,1.11E+21,2.08E+21,3.87E+21,7.21E+21,1.34E+22,2.50E+22,4.66E+22,8.67E+22,1.61E+23,3.00E+23,5.59E+23,1.04E+24,1.94E+24,3.60E+24,6.70E+24,1.25E+25,2.32E+25,4.30E+25,8.00E+25,1.49E+26,2.77E+26,5.14E+26,9.55E+26,1.77E+27,3.30E+27,6.12E+27,1.14E+28,2.11E+28,3.92E+28,7.29E+28,1.35E+29,2.51E+29,4.66E+29,8.66E+29,1.61E+30,2.98E+30,5.53E+30,1.03E+31,1.91E+31,3.54E+31,6.56E+31,1.22E+32,2.26E+32,4.19E+32,7.77E+32,1.44E+33,2.67E+33,4.95E+33,9.19E+33,1.70E+34,3.16E+34,5.85E+34,1.09E+35,2.01E+35,3.73E+35,6.91E+35,1.28E+36,2.37E+36,4.40E+36,8.15E+36,1.51E+37,2.80E+37,5.18E+37,9.60E+37,1.78E+38,3.30E+38,6.10E+38,1.13E+39,2.09E+39,3.88E+39,7.18E+39,1.33E+40,2.46E+40,4.56E+40,8.45E+40,1.56E+41,2.90E+41,5.36E+41,9.92E+41,1.84E+42,3.40E+42,6.30E+42,1.17E+43,2.16E+43,3.99E+43,7.39E+43,1.37E+44,2.53E+44,4.68E+44,8.67E+44,1.60E+45,2.97E+45,5.49E+45,1.02E+46,1.88E+46,3.48E+46,6.43E+46,1.19E+47,2.20E+47,4.07E+47,7.53E+47,1.39E+48,2.58E+48,4.77E+48,8.82E+48,1.63E+49,3.02E+49,5.58E+49,1.03E+50,1.91E+50,3.53E+50,6.52E+50,1.21E+51,2.23E+51,4.12E+51,7.63E+51,1.41E+52,2.61E+52,4.82E+52,8.91E+52,1.65E+53,3.05E+53,5.63E+53,1.04E+54,1.92E+54,3.56E+54,6.57E+54
2,2.00E+00,5.00E+00,1.40E+01,3.70E+01,8.90E+01,2.09E+02,4.77E+02,1.06E+03,2.33E+03,5.03E+03,1.07E+04,2.26E+04,4.73E+04,9.81E+04,2.02E+05,4.14E+05,8.43E+05,1.71E+06,3.44E+06,6.91E+06,1.38E+07,2.76E+07,5.48E+07,1.09E+08,2.15E+08,4.23E+08,8.33E+08,1.63E+09,3.20E+09,6.26E+09,1.22E+10,2.38E+10,4.63E+10,8.98E+10,1.74E+11,3.37E+11,6.52E+11,1.26E+12,2.43E+12,4.68E+12,9.02E+12,1.73E+13,3.33E+13,6.39E+13,1.23E+14,2.35E+14,4.50E+14,8.61E+14,1.64E+15,3.14E+15,6.00E+15,1.14E+16,2.18E+16,4.15E+16,7.91E+16,1.51E+17,2.86E+17,5.44E+17,1.03E+18,1.96E+18,3.72E+18,7.06E+18,1.34E+19,2.54E+19,4.81E+19,9.10E+19,1.72E+20,3.26E+20,6.16E+20,1.16E+21,2.20E+21,4.16E+21,7.85E+21,1.48E+22,2.80E+22,5.28E+22,9.95E+22,1.88E+23,3.54E+23,6.66E+23,1.26E+24,2.36E+24,4.45E+24,8.37E+24,1.58E+25,2.96E+25,5.57E+25,1.05E+26,1.97E+26,3.70E+26,6.96E+26,1.31E+27,2.45E+27,4.61E+27,8.65E+27,1.62E+28,3.05E+28,5.71E+28,1.07E+29,2.01E+29,3.77E+29,7.07E+29,1.32E+30,2.48E+30,4.65E+30,8.71E+30,1.63E+31,3.06E+31,5.72E+31,1.07E+32,2.00E+32,3.75E+32,7.02E+32,1.31E+33,2.46E+33,4.60E+33,8.60E+33,1.61E+34,3.01E+34,5.62E+34,1.05E+35,1.96E+35,3.67E+35,6.85E+35,1.28E+36,2.39E+36,4.47E+36,8.34E+36,1.56E+37,2.91E+37,5.43E+37,1.01E+38,1.89E+38,3.53E+38,6.59E+38,1.23E+39,2.29E+39,4.28E+39,7.99E+39,1.49E+40,2.78E+40,5.18E+40,9.66E+40,1.80E+41,3.36E+41,6.26E+41,1.17E+42,2.17E+42,4.05E+42,7.55E+42,1.41E+43,2.62E+43,4.88E+43,9.10E+43,1.69E+44,3.16E+44,5.88E+44,1.09E+45,2.04E+45,3.80E+45,7.07E+45,1.32E+46,2.45E+46,4.56E+46,8.49E+46,1.58E+47,2.94E+47,5.47E+47,1.02E+48,1.89E+48,3.52E+48,6.56E+48,1.22E+49,2.27E+49,4.22E+49,7.85E+49,1.46E+50,2.71E+50,5.05E+50,9.39E+50,1.75E+51,3.25E+51,6.03E+51,1.12E+52,2.09E+52,3.88E+52,7.20E+52,1.34E+53,2.49E+53,4.62E+53,8.59E+53,1.60E+54,2.97E+54,5.51E+54,1.02E+55,1.90E+55,3.54E+55,6.57E+55,1.22E+56,2.27E+56,4.21E+56
3,4.00E+00,1.20E+01,3.70E+01,1.06E+02,2.77E+02,6.98E+02,1.70E+03,4.03E+03,9.33E+03,2.12E+04,4.76E+04,1.05E+05,2.30E+05,4.99E+05,1.07E+06,2.28E+06,4.82E+06,1.01E+07,2.12E+07,4.39E+07,9.08E+07,1.87E+08,3.83E+08,7.82E+08,1.59E+09,3.22E+09,6.51E+09,1.31E+10,2.64E+10,5.29E+10,1.06E+11,2.11E+11,4.20E+11,8.34E+11,1.65E+12,3.27E+12,6.46E+12,1.27E+13,2.51E+13,4.93E+13,9.68E+13,1.90E+14,3.71E+14,7.26E+14,1.42E+15,2.77E+15,5.39E+15,1.05E+16,2.04E+16,3.96E+16,7.68E+16,1.49E+17,2.88E+17,5.58E+17,1.08E+18,2.08E+18,4.02E+18,7.75E+18,1.49E+19,2.88E+19,5.54E+19,1.07E+20,2.05E+20,3.93E+20,7.55E+20,1.45E+21,2.78E+21,5.32E+21,1.02E+22,1.95E+22,3.73E+22,7.13E+22,1.36E+23,2.60E+23,4.97E+23,9.48E+23,1.81E+24,3.45E+24,6.57E+24,1.25E+25,2.39E+25,4.54E+25,8.64E+25,1.64E+26,3.12E+26,5.94E+26,1.13E+27,2.14E+27,4.07E+27,7.72E+27,1.47E+28,2.78E+28,5.27E+28,9.99E+28,1.89E+29,3.59E+29,6.79E+29,1.29E+30,2.44E+30,4.61E+30,8.72E+30,1.65E+31,3.12E+31,5.89E+31,1.11E+32,2.11E+32,3.98E+32,7.51E+32,1.42E+33,2.68E+33,5.05E+33,9.53E+33,1.80E+34,3.39E+34,6.40E+34,1.21E+35,2.27E+35,4.28E+35,8.07E+35,1.52E+36,2.86E+36,5.39E+36,1.02E+37,1.91E+37,3.60E+37,6.77E+37,1.27E+38,2.40E+38,4.50E+38,8.47E+38,1.59E+39,2.99E+39,5.63E+39,1.06E+40,1.99E+40,3.73E+40,7.01E+40,1.32E+41,2.47E+41,4.64E+41,8.72E+41,1.64E+42,3.07E+42,5.76E+42,1.08E+43,2.03E+43,3.81E+43,7.14E+43,1.34E+44,2.51E+44,4.71E+44,8.82E+44,1.65E+45,3.10E+45,5.81E+45,1.09E+46,2.04E+46,3.82E+46,7.16E+46,1.34E+47,2.51E+47,4.70E+47,8.80E+47,1.65E+48,3.08E+48,5.77E+48,1.08E+49,2.02E+49,3.78E+49,7.08E+49,1.32E+50,2.48E+50,4.63E+50,8.66E+50,1.62E+51,3.03E+51,5.67E+51,1.06E+52,1.98E+52,3.70E+52,6.92E+52,1.29E+53,2.42E+53,4.52E+53,8.44E+53,1.58E+54,2.94E+54,5.50E+54,1.03E+55,1.92E+55,3.58E+55,6.69E+55,1.25E+56,2.33E+56,4.36E+56,8.13E+56,1.52E+57,2.83E+57,5.29E+57,9.87E+57,1.84E+58
4,7.00E+00,2.60E+01,8.90E+01,2.77E+02,7.84E+02,2.11E+03,5.47E+03,1.37E+04,3.34E+04,7.99E+04,1.87E+05,4.33E+05,9.86E+05,2.22E+06,4.94E+06,1.09E+07,2.38E+07,5.18E+07,1.12E+08,2.39E+08,5.08E+08,1.08E+09,2.27E+09,4.75E+09,9.93E+09,2.06E+10,4.27E+10,8.82E+10,1.81E+11,3.72E+11,7.61E+11,1.55E+12,3.15E+12,6.40E+12,1.29E+13,2.61E+13,5.26E+13,1.06E+14,2.12E+14,4.25E+14,8.49E+14,1.69E+15,3.38E+15,6.71E+15,1.33E+16,2.64E+16,5.23E+16,1.04E+17,2.04E+17,4.03E+17,7.94E+17,1.56E+18,3.07E+18,6.03E+18,1.18E+19,2.32E+19,4.53E+19,8.87E+19,1.73E+20,3.38E+20,6.59E+20,1.28E+21,2.50E+21,4.86E+21,9.45E+21,1.84E+22,3.56E+22,6.91E+22,1.34E+23,2.59E+23,5.02E+23,9.71E+23,1.88E+24,3.63E+24,7.00E+24,1.35E+25,2.60E+25,5.02E+25,9.67E+25,1.86E+26,3.58E+26,6.89E+26,1.32E+27,2.54E+27,4.89E+27,9.38E+27,1.80E+28,3.45E+28,6.62E+28,1.27E+29,2.43E+29,4.65E+29,8.90E+29,1.70E+30,3.25E+30,6.22E+30,1.19E+31,2.27E+31,4.34E+31,8.28E+31,1.58E+32,3.01E+32,5.75E+32,1.10E+33,2.09E+33,3.98E+33,7.58E+33,1.44E+34,2.75E+34,5.22E+34,9.94E+34,1.89E+35,3.59E+35,6.83E+35,1.30E+36,2.47E+36,4.68E+36,8.89E+36,1.69E+37,3.20E+37,6.08E+37,1.15E+38,2.19E+38,4.14E+38,7.85E+38,1.49E+39,2.82E+39,5.34E+39,1.01E+40,1.92E+40,3.63E+40,6.86E+40,1.30E+41,2.46E+41,4.65E+41,8.79E+41,1.66E+42,3.14E+42,5.94E+42,1.12E+43,2.12E+43,4.01E+43,7.56E+43,1.43E+44,2.70E+44,5.09E+44,9.61E+44,1.81E+45,3.42E+45,6.45E+45,1.22E+46,2.30E+46,4.33E+46,8.16E+46,1.54E+47,2.90E+47,5.46E+47,1.03E+48,1.94E+48,3.65E+48,6.88E+48,1.30E+49,2.44E+49,4.59E+49,8.65E+49,1.63E+50,3.06E+50,5.76E+50,1.08E+51,2.04E+51,3.83E+51,7.21E+51,1.36E+52,2.55E+52,4.79E+52,9.01E+52,1.69E+53,3.18E+53,5.98E+53,1.12E+54,2.11E+54,3.97E+54,7.45E+54,1.40E+55,2.63E+55,4.93E+55,9.26E+55,1.74E+56,3.26E+56,6.12E+56,1.15E+57,2.16E+57,4.05E+57,7.59E+57,1.42E+58,2.67E+58,5.01E+58,9.39E+58,1.76E+59,3.30E+59,6.19E+59
5,1.30E+01,5.60E+01,2.09E+02,6.98E+02,2.11E+03,6.04E+03,1.65E+04,4.34E+04,1.11E+05,2.77E+05,6.77E+05,1.63E+06,3.84E+06,8.96E+06,2.07E+07,4.71E+07,1.06E+08,2.37E+08,5.27E+08,1.16E+09,2.54E+09,5.52E+09,1.19E+10,2.56E+10,5.48E+10,1.17E+11,2.47E+11,5.21E+11,1.10E+12,2.30E+12,4.79E+12,9.97E+12,2.07E+13,4.28E+13,8.82E+13,1.81E+14,3.72E+14,7.61E+14,1.55E+15,3.17E+15,6.44E+15,1.31E+16,2.64E+16,5.34E+16,1.08E+17,2.17E+17,4.37E+17,8.76E+17,1.76E+18,3.52E+18,7.03E+18,1.40E+19,2.79E+19,5.56E+19,1.11E+20,2.20E+20,4.35E+20,8.62E+20,1.71E+21,3.37E+21,6.66E+21,1.31E+22,2.59E+22,5.10E+22,1.00E+23,1.97E+23,3.87E+23,7.59E+23,1.49E+24,2.91E+24,5.70E+24,1.11E+25,2.18E+25,4.25E+25,8.30E+25,1.62E+26,3.15E+26,6.14E+26,1.19E+27,2.32E+27,4.51E+27,8.77E+27,1.70E+28,3.30E+28,6.40E+28,1.24E+29,2.40E+29,4.65E+29,9.00E+29,1.74E+30,3.36E+30,6.50E+30,1.25E+31,2.42E+31,4.67E+31,9.01E+31,1.74E+32,3.34E+32,6.44E+32,1.24E+33,2.39E+33,4.59E+33,8.82E+33,1.69E+34,3.26E+34,6.25E+34,1.20E+35,2.30E+35,4.42E+35,8.47E+35,1.62E+36,3.11E+36,5.96E+36,1.14E+37,2.19E+37,4.18E+37,8.00E+37,1.53E+38,2.93E+38,5.59E+38,1.07E+39,2.04E+39,3.90E+39,7.44E+39,1.42E+40,2.71E+40,5.17E+40,9.86E+40,1.88E+41,3.58E+41,6.83E+41,1.30E+42,2.48E+42,4.72E+42,8.98E+42,1.71E+43,3.25E+43,6.19E+43,1.18E+44,2.24E+44,4.25E+44,8.09E+44,1.54E+45,2.92E+45,5.55E+45,1.05E+46,2.00E+46,3.80E+46,7.21E+46,1.37E+47,2.59E+47,4.92E+47,9.33E+47,1.77E+48,3.35E+48,6.36E+48,1.20E+49,2.28E+49,4.33E+49,8.19E+49,1.55E+50,2.94E+50,5.56E+50,1.05E+51,1.99E+51,3.77E+51,7.13E+51,1.35E+52,2.55E+52,4.82E+52,9.12E+52,1.72E+53,3.26E+53,6.16E+53,1.16E+54,2.20E+54,4.15E+54,7.85E+54,1.48E+55,2.80E+55,5.28E+55,9.97E+55,1.88E+56,3.55E+56,6.70E+56,1.26E+57,2.39E+57,4.50E+57,8.49E+57,1.60E+58,3.02E+58,5.69E+58,1.07E+59,2.02E+59,3.81E+59,7.18E+59,1.35E+60,2.55E+60,4.80E+60,9.04E+60,1.70E+61
6,2.40E+01,1.18E+02,4.77E+02,1.70E+03,5.47E+03,1.65E+04,4.73E+04,1.30E+05,3.48E+05,9.04E+05,2.30E+06,5.71E+06,1.40E+07,3.37E+07,8.00E+07,1.88E+08,4.36E+08,1.00E+09,2.29E+09,5.17E+09,1.16E+10,2.58E+10,5.72E+10,1.26E+11,2.75E+11,5.98E+11,1.30E+12,2.79E+12,5.99E+12,1.28E+13,2.72E+13,5.78E+13,1.22E+14,2.57E+14,5.40E+14,1.13E+15,2.36E+15,4.91E+15,1.02E+16,2.11E+16,4.36E+16,8.98E+16,1.85E+17,3.79E+17,7.76E+17,1.59E+18,3.23E+18,6.59E+18,1.34E+19,2.72E+19,5.50E+19,1.11E+20,2.25E+20,4.53E+20,9.13E+20,1.84E+21,3.69E+21,7.40E+21,1.48E+22,2.96E+22,5.92E+22,1.18E+23,2.36E+23,4.69E+23,9.34E+23,1.86E+24,3.68E+24,7.31E+24,1.45E+25,2.87E+25,5.67E+25,1.12E+26,2.21E+26,4.36E+26,8.60E+26,1.69E+27,3.33E+27,6.55E+27,1.29E+28,2.53E+28,4.96E+28,9.73E+28,1.91E+29,3.73E+29,7.30E+29,1.43E+30,2.79E+30,5.45E+30,1.06E+31,2.08E+31,4.05E+31,7.89E+31,1.54E+32,2.99E+32,5.82E+32,1.13E+33,2.20E+33,4.27E+33,8.29E+33,1.61E+34,3.12E+34,6.05E+34,1.17E+35,2.27E+35,4.39E+35,8.50E+35,1.64E+36,3.18E+36,6.14E+36,1.19E+37,2.29E+37,4.42E+37,8.54E+37,1.65E+38,3.17E+38,6.12E+38,1.18E+39,2.27E+39,4.37E+39,8.41E+39,1.62E+40,3.11E+40,5.99E+40,1.15E+41,2.21E+41,4.25E+41,8.15E+41,1.57E+42,3.00E+42,5.76E+42,1.11E+43,2.12E+43,4.06E+43,7.78E+43,1.49E+44,2.86E+44,5.47E+44,1.05E+45,2.00E+45,3.83E+45,7.33E+45,1.40E+46,2.68E+46,5.12E+46,9.78E+46,1.87E+47,3.57E+47,6.81E+47,1.30E+48,2.48E+48,4.74E+48,9.04E+48,1.72E+49,3.29E+49,6.26E+49,1.19E+50,2.28E+50,4.33E+50,8.26E+50,1.57E+51,2.99E+51,5.70E+51,1.08E+52,2.06E+52,3.93E+52,7.47E+52,1.42E+53,2.70E+53,5.13E+53,9.76E+53,1.85E+54,3.52E+54,6.69E+54,1.27E+55,2.41E+55,4.59E+55,8.70E+55,1.65E+56,3.14E+56,5.95E+56,1.13E+57,2.14E+57,4.06E+57,7.70E+57,1.46E+58,2.77E+58,5.25E+58,9.94E+58,1.88E+59,3.57E+59,6.76E+59,1.28E+60,2.42E+60,4.59E+60,8.69E+60,1.65E+61,3.11E+61,5.89E+61,1.12E+62,2.11E+62,3.99E+62
7,4.40E+01,2.44E+02,1.06E+03,4.03E+03,1.37E+04,4.34E+04,1.30E+05,3.75E+05,1.04E+06,2.81E+06,7.39E+06,1.90E+07,4.80E+07,1.19E+08,2.92E+08,7.05E+08,1.68E+09,3.97E+09,9.29E+09,2.15E+10,4.94E+10,1.13E+11,2.55E+11,5.73E+11,1.28E+12,2.84E+12,6.28E+12,1.38E+13,3.02E+13,6.58E+13,1.43E+14,3.08E+14,6.62E+14,1.42E+15,3.03E+15,6.45E+15,1.37E+16,2.89E+16,6.10E+16,1.28E+17,2.69E+17,5.63E+17,1.17E+18,2.45E+18,5.08E+18,1.05E+19,2.18E+19,4.50E+19,9.26E+19,1.90E+20,3.91E+20,8.01E+20,1.64E+21,3.34E+21,6.82E+21,1.39E+22,2.82E+22,5.73E+22,1.16E+23,2.35E+23,4.75E+23,9.58E+23,1.93E+24,3.89E+24,7.82E+24,1.57E+25,3.15E+25,6.32E+25,1.27E+26,2.53E+26,5.06E+26,1.01E+27,2.01E+27,4.01E+27,7.98E+27,1.59E+28,3.15E+28,6.26E+28,1.24E+29,2.46E+29,4.88E+29,9.65E+29,1.91E+30,3.77E+30,7.44E+30,1.47E+31,2.89E+31,5.70E+31,1.12E+32,2.21E+32,4.34E+32,8.53E+32,1.67E+33,3.29E+33,6.45E+33,1.26E+34,2.47E+34,4.85E+34,9.48E+34,1.85E+35,3.62E+35,7.08E+35,1.38E+36,2.70E+36,5.26E+36,1.03E+37,2.00E+37,3.89E+37,7.58E+37,1.47E+38,2.87E+38,5.58E+38,1.08E+39,2.11E+39,4.09E+39,7.93E+39,1.54E+40,2.98E+40,5.78E+40,1.12E+41,2.17E+41,4.20E+41,8.13E+41,1.57E+42,3.04E+42,5.88E+42,1.14E+43,2.20E+43,4.24E+43,8.19E+43,1.58E+44,3.05E+44,5.88E+44,1.13E+45,2.19E+45,4.21E+45,8.11E+45,1.56E+46,3.01E+46,5.79E+46,1.11E+47,2.14E+47,4.12E+47,7.91E+47,1.52E+48,2.92E+48,5.61E+48,1.08E+49,2.07E+49,3.97E+49,7.62E+49,1.46E+50,2.80E+50,5.37E+50,1.03E+51,1.97E+51,3.78E+51,7.24E+51,1.39E+52,2.65E+52,5.08E+52,9.72E+52,1.86E+53,3.56E+53,6.80E+53,1.30E+54,2.49E+54,4.75E+54,9.08E+54,1.73E+55,3.31E+55,6.32E+55,1.21E+56,2.30E+56,4.40E+56,8.39E+56,1.60E+57,3.05E+57,5.82E+57,1.11E+58,2.12E+58,4.03E+58,7.68E+58,1.46E+59,2.79E+59,5.31E+59,1.01E+60,1.93E+60,3.66E+60,6.98E+60,1.33E+61,2.53E+61,4.80E+61,9.14E+61,1.74E+62,3.30E+62,6.28E+62,1.19E+63,2.27E+63,4.31E+63,8.19E+63
8,8.10E+01,4.99E+02,2.33E+03,9.33E+03,3.34E+04,1.11E+05,3.48E+05,1.04E+06,3.00E+06,8.38E+06,2.28E+07,6.05E+07,1.58E+08,4.03E+08,1.01E+09,2.51E+09,6.15E+09,1.49E+10,3.57E+10,8.46E+10,1.99E+11,4.63E+11,1.07E+12,2.46E+12,5.60E+12,1.27E+13,2.86E+13,6.40E+13,1.43E+14,3.16E+14,6.97E+14,1.53E+15,3.35E+15,7.30E+15,1.58E+16,3.42E+16,7.38E+16,1.58E+17,3.39E+17,7.24E+17,1.54E+18,3.27E+18,6.92E+18,1.46E+19,3.08E+19,6.46E+19,1.35E+20,2.83E+20,5.91E+20,1.23E+21,2.56E+21,5.31E+21,1.10E+22,2.27E+22,4.68E+22,9.65E+22,1.98E+23,4.07E+23,8.35E+23,1.71E+24,3.49E+24,7.12E+24,1.45E+25,2.95E+25,6.00E+25,1.22E+26,2.47E+26,5.00E+26,1.01E+27,2.04E+27,4.12E+27,8.31E+27,1.67E+28,3.37E+28,6.76E+28,1.36E+29,2.72E+29,5.45E+29,1.09E+30,2.18E+30,4.36E+30,8.71E+30,1.74E+31,3.46E+31,6.89E+31,1.37E+32,2.73E+32,5.42E+32,1.08E+33,2.13E+33,4.23E+33,8.37E+33,1.66E+34,3.28E+34,6.48E+34,1.28E+35,2.53E+35,4.99E+35,9.83E+35,1.94E+36,3.81E+36,7.51E+36,1.48E+37,2.90E+37,5.70E+37,1.12E+38,2.20E+38,4.31E+38,8.46E+38,1.66E+39,3.24E+39,6.35E+39,1.24E+40,2.43E+40,4.75E+40,9.28E+40,1.81E+41,3.54E+41,6.91E+41,1.35E+42,2.63E+42,5.12E+42,9.97E+42,1.94E+43,3.78E+43,7.35E+43,1.43E+44,2.78E+44,5.40E+44,1.05E+45,2.04E+45,3.95E+45,7.67E+45,1.49E+46,2.88E+46,5.59E+46,1.08E+47,2.10E+47,4.06E+47,7.86E+47,1.52E+48,2.94E+48,5.69E+48,1.10E+49,2.13E+49,4.11E+49,7.93E+49,1.53E+50,2.96E+50,5.70E+50,1.10E+51,2.12E+51,4.09E+51,7.88E+51,1.52E+52,2.93E+52,5.64E+52,1.09E+53,2.09E+53,4.02E+53,7.73E+53,1.49E+54,2.86E+54,5.50E+54,1.06E+55,2.03E+55,3.90E+55,7.49E+55,1.44E+56,2.76E+56,5.30E+56,1.02E+57,1.95E+57,3.74E+57,7.17E+57,1.38E+58,2.64E+58,5.05E+58,9.68E+58,1.85E+59,3.55E+59,6.80E+59,1.30E+60,2.49E+60,4.77E+60,9.12E+60,1.74E+61,3.34E+61,6.38E+61,1.22E+62,2.33E+62,4.45E+62,8.51E+62,1.63E+63,3.10E+63,5.93E+63,1.13E+64,2.16E+64,4.12E+64,7.87E+64,1.50E+65
9,1.49E+02,1.01E+03,5.03E+03,2.12E+04,7.99E+04,2.77E+05,9.04E+05,2.81E+06,8.38E+06,2.42E+07,6.78E+07,1.86E+08,4.97E+08,1.31E+09,3.37E+09,8.58E+09,2.15E+10,5.34E+10,1.31E+11,3.17E+11,7.61E+11,1.81E+12,4.27E+12,9.99E+12,2.32E+13,5.36E+13,1.23E+14,2.80E+14,6.36E+14,1.43E+15,3.22E+15,7.18E+15,1.60E+16,3.53E+16,7.79E+16,1.71E+17,3.74E+17,8.15E+17,1.77E+18,3.83E+18,8.27E+18,1.78E+19,3.82E+19,8.17E+19,1.74E+20,3.71E+20,7.87E+20,1.67E+21,3.52E+21,7.43E+21,1.56E+22,3.28E+22,6.87E+22,1.44E+23,3.00E+23,6.24E+23,1.30E+24,2.69E+24,5.58E+24,1.15E+25,2.38E+25,4.92E+25,1.01E+26,2.08E+26,4.27E+26,8.76E+26,1.79E+27,3.67E+27,7.49E+27,1.53E+28,3.11E+28,6.33E+28,1.29E+29,2.61E+29,5.30E+29,1.07E+30,2.17E+30,4.39E+30,8.86E+30,1.79E+31,3.60E+31,7.25E+31,1.46E+32,2.93E+32,5.89E+32,1.18E+33,2.37E+33,4.74E+33,9.49E+33,1.90E+34,3.79E+34,7.57E+34,1.51E+35,3.01E+35,5.99E+35,1.19E+36,2.37E+36,4.72E+36,9.37E+36,1.86E+37,3.69E+37,7.31E+37,1.45E+38,2.87E+38,5.68E+38,1.12E+39,2.22E+39,4.38E+39,8.65E+39,1.71E+40,3.37E+40,6.63E+40,1.31E+41,2.57E+41,5.06E+41,9.95E+41,1.96E+42,3.84E+42,7.55E+42,1.48E+43,2.91E+43,5.70E+43,1.12E+44,2.19E+44,4.29E+44,8.39E+44,1.64E+45,3.21E+45,6.28E+45,1.23E+46,2.40E+46,4.68E+46,9.13E+46,1.78E+47,3.47E+47,6.77E+47,1.32E+48,2.57E+48,5.01E+48,9.74E+48,1.90E+49,3.69E+49,7.17E+49,1.39E+50,2.71E+50,5.26E+50,1.02E+51,1.98E+51,3.85E+51,7.46E+51,1.45E+52,2.81E+52,5.44E+52,1.05E+53,2.04E+53,3.95E+53,7.65E+53,1.48E+54,2.86E+54,5.54E+54,1.07E+55,2.07E+55,4.00E+55,7.73E+55,1.49E+56,2.88E+56,5.57E+56,1.07E+57,2.07E+57,4.00E+57,7.71E+57,1.49E+58,2.86E+58,5.52E+58,1.06E+59,2.05E+59,3.94E+59,7.59E+59,1.46E+60,2.81E+60,5.41E+60,1.04E+61,2.00E+61,3.85E+61,7.40E+61,1.42E+62,2.73E+62,5.24E+62,1.01E+63,1.93E+63,3.71E+63,7.13E+63,1.37E+64,2.62E+64,5.03E+64,9.65E+64,1.85E+65,3.55E+65,6.80E+65,1.30E+66,2.50E+66
10,2.74E+02,2.03E+03,1.07E+04,4.76E+04,1.87E+05,6.77E+05,2.30E+06,7.39E+06,2.28E+07,6.78E+07,1.96E+08,5.52E+08,1.52E+09,4.09E+09,1.08E+10,2.83E+10,7.26E+10,1.84E+11,4.60E+11,1.14E+12,2.79E+12,6.78E+12,1.63E+13,3.89E+13,9.21E+13,2.16E+14,5.05E+14,1.17E+15,2.70E+15,6.19E+15,1.41E+16,3.20E+16,7.23E+16,1.63E+17,3.64E+17,8.10E+17,1.80E+18,3.97E+18,8.75E+18,1.92E+19,4.20E+19,9.16E+19,1.99E+20,4.31E+20,9.32E+20,2.01E+21,4.32E+21,9.25E+21,1.98E+22,4.22E+22,8.98E+22,1.91E+23,4.04E+23,8.54E+23,1.80E+24,3.79E+24,7.98E+24,1.67E+25,3.50E+25,7.32E+25,1.53E+26,3.18E+26,6.62E+26,1.37E+27,2.85E+27,5.90E+27,1.22E+28,2.52E+28,5.19E+28,1.07E+29,2.20E+29,4.51E+29,9.25E+29,1.89E+30,3.88E+30,7.92E+30,1.62E+31,3.30E+31,6.71E+31,1.37E+32,2.78E+32,5.63E+32,1.14E+33,2.32E+33,4.69E+33,9.48E+33,1.91E+34,3.87E+34,7.79E+34,1.57E+35,3.16E+35,6.36E+35,1.28E+36,2.57E+36,5.15E+36,1.03E+37,2.07E+37,4.15E+37,8.29E+37,1.66E+38,3.31E+38,6.61E+38,1.32E+39,2.63E+39,5.24E+39,1.04E+40,2.08E+40,4.13E+40,8.21E+40,1.63E+41,3.24E+41,6.42E+41,1.27E+42,2.52E+42,4.99E+42,9.88E+42,1.96E+43,3.87E+43,7.64E+43,1.51E+44,2.98E+44,5.88E+44,1.16E+45,2.28E+45,4.50E+45,8.86E+45,1.74E+46,3.43E+46,6.75E+46,1.33E+47,2.61E+47,5.12E+47,1.00E+48,1.97E+48,3.87E+48,7.58E+48,1.48E+49,2.91E+49,5.70E+49,1.11E+50,2.18E+50,4.27E+50,8.34E+50,1.63E+51,3.18E+51,6.22E+51,1.21E+52,2.37E+52,4.62E+52,9.01E+52,1.76E+53,3.42E+53,6.67E+53,1.30E+54,2.53E+54,4.92E+54,9.57E+54,1.86E+55,3.62E+55,7.04E+55,1.37E+56,2.66E+56,5.16E+56,1.00E+57,1.94E+57,3.77E+57,7.31E+57,1.42E+58,2.75E+58,5.33E+58,1.03E+59,2.00E+59,3.87E+59,7.49E+59,1.45E+60,2.81E+60,5.43E+60,1.05E+61,2.03E+61,3.92E+61,7.58E+61,1.46E+62,2.83E+62,5.46E+62,1.05E+63,2.04E+63,3.93E+63,7.58E+63,1.46E+64,2.82E+64,5.43E+64,1.05E+65,2.02E+65,3.89E+65,7.49E+65,1.44E+66,2.78E+66,5.35E+66,1.03E+67,1.98E+67,3.81E+67
11,5.04E+02,4.04E+03,2.26E+04,1.05E+05,4.33E+05,1.63E+06,5.71E+06,1.90E+07,6.05E+07,1.86E+08,5.52E+08,1.60E+09,4.51E+09,1.25E+10,3.38E+10,9.01E+10,2.37E+11,6.13E+11,1.57E+12,3.96E+12,9.89E+12,2.45E+13,6.00E+13,1.46E+14,3.51E+14,8.39E+14,1.99E+15,4.70E+15,1.10E+16,2.56E+16,5.94E+16,1.37E+17,3.14E+17,7.15E+17,1.62E+18,3.67E+18,8.25E+18,1.85E+19,4.13E+19,9.18E+19,2.03E+20,4.49E+20,9.88E+20,2.17E+21,4.74E+21,1.03E+22,2.25E+22,4.88E+22,1.06E+23,2.28E+23,4.90E+23,1.05E+24,2.25E+24,4.82E+24,1.03E+25,2.19E+25,4.64E+25,9.84E+25,2.08E+26,4.39E+26,9.26E+26,1.95E+27,4.09E+27,8.58E+27,1.80E+28,3.75E+28,7.83E+28,1.63E+29,3.39E+29,7.05E+29,1.46E+30,3.03E+30,6.27E+30,1.29E+31,2.67E+31,5.51E+31,1.13E+32,2.33E+32,4.78E+32,9.81E+32,2.01E+33,4.12E+33,8.41E+33,1.72E+34,3.51E+34,7.14E+34,1.45E+35,2.96E+35,6.01E+35,1.22E+36,2.48E+36,5.02E+36,1.02E+37,2.06E+37,4.16E+37,8.39E+37,1.69E+38,3.42E+38,6.88E+38,1.39E+39,2.79E+39,5.60E+39,1.13E+40,2.26E+40,4.53E+40,9.08E+40,1.82E+41,3.64E+41,7.29E+41,1.46E+42,2.91E+42,5.81E+42,1.16E+43,2.31E+43,4.61E+43,9.17E+43,1.83E+44,3.63E+44,7.22E+44,1.44E+45,2.85E+45,5.66E+45,1.12E+46,2.23E+46,4.41E+46,8.73E+46,1.73E+47,3.42E+47,6.77E+47,1.34E+48,2.64E+48,5.22E+48,1.03E+49,2.03E+49,4.01E+49,7.90E+49,1.56E+50,3.07E+50,6.04E+50,1.19E+51,2.34E+51,4.60E+51,9.03E+51,1.77E+52,3.49E+52,6.84E+52,1.34E+53,2.63E+53,5.16E+53,1.01E+54,1.98E+54,3.88E+54,7.60E+54,1.49E+55,2.91E+55,5.70E+55,1.11E+56,2.18E+56,4.25E+56,8.31E+56,1.62E+57,3.17E+57,6.18E+57,1.20E+58,2.35E+58,4.58E+58,8.92E+58,1.74E+59,3.39E+59,6.59E+59,1.28E+60,2.50E+60,4.86E+60,9.44E+60,1.84E+61,3.57E+61,6.93E+61,1.35E+62,2.62E+62,5.08E+62,9.86E+62,1.91E+63,3.71E+63,7.20E+63,1.40E+64,2.70E+64,5.24E+64,1.02E+65,1.97E+65,3.81E+65,7.37E+65,1.43E+66,2.76E+66,5.34E+66,1.03E+67,2.00E+67,3.86E+67,7.47E+67,1.44E+68,2.79E+68,5.39E+68
12,9.27E+02,8.00E+03,4.73E+04,2.30E+05,9.86E+05,3.84E+06,1.40E+07,4.80E+07,1.58E+08,4.97E+08,1.52E+09,4.51E+09,1.30E+10,3.69E+10,1.02E+11,2.79E+11,7.50E+11,1.98E+12,5.17E+12,1.33E+13,3.39E+13,8.54E+13,2.13E+14,5.27E+14,1.29E+15,3.14E+15,7.58E+15,1.82E+16,4.32E+16,1.02E+17,2.40E+17,5.62E+17,1.31E+18,3.02E+18,6.95E+18,1.59E+19,3.63E+19,8.25E+19,1.87E+20,4.20E+20,9.43E+20,2.11E+21,4.70E+21,1.04E+22,2.31E+22,5.09E+22,1.12E+23,2.46E+23,5.38E+23,1.17E+24,2.55E+24,5.54E+24,1.20E+25,2.59E+25,5.58E+25,1.20E+26,2.57E+26,5.51E+26,1.18E+27,2.51E+27,5.34E+27,1.13E+28,2.40E+28,5.09E+28,1.07E+29,2.27E+29,4.77E+29,1.00E+30,2.11E+30,4.41E+30,9.24E+30,1.93E+31,4.03E+31,8.39E+31,1.75E+32,3.63E+32,7.53E+32,1.56E+33,3.23E+33,6.68E+33,1.38E+34,2.85E+34,5.86E+34,1.21E+35,2.48E+35,5.10E+35,1.05E+36,2.14E+36,4.39E+36,8.97E+36,1.83E+37,3.74E+37,7.63E+37,1.55E+38,3.17E+38,6.44E+38,1.31E+39,2.66E+39,5.39E+39,1.09E+40,2.21E+40,4.48E+40,9.05E+40,1.83E+41,3.69E+41,7.45E+41,1.50E+42,3.03E+42,6.09E+42,1.23E+43,2.46E+43,4.95E+43,9.94E+43,1.99E+44,4.00E+44,8.01E+44,1.61E+45,3.21E+45,6.42E+45,1.28E+46,2.57E+46,5.12E+46,1.02E+47,2.04E+47,4.06E+47,8.09E+47,1.61E+48,3.21E+48,6.38E+48,1.27E+49,2.52E+49,5.00E+49,9.93E+49,1.97E+50,3.91E+50,7.74E+50,1.53E+51,3.04E+51,6.01E+51,1.19E+52,2.35E+52,4.65E+52,9.18E+52,1.81E+53,3.58E+53,7.06E+53,1.39E+54,2.75E+54,5.41E+54,1.07E+55,2.10E+55,4.13E+55,8.13E+55,1.60E+56,3.14E+56,6.18E+56,1.21E+57,2.38E+57,4.68E+57,9.18E+57,1.80E+58,3.53E+58,6.93E+58,1.36E+59,2.66E+59,5.21E+59,1.02E+60,2.00E+60,3.90E+60,7.63E+60,1.49E+61,2.92E+61,5.70E+61,1.11E+62,2.17E+62,4.25E+62,8.29E+62,1.62E+63,3.15E+63,6.15E+63,1.20E+64,2.34E+64,4.55E+64,8.86E+64,1.73E+65,3.36E+65,6.54E+65,1.27E+66,2.47E+66,4.81E+66,9.35E+66,1.82E+67,3.53E+67,6.86E+67,1.33E+68,2.59E+68,5.02E+68,9.74E+68,1.89E+69,3.67E+69,7.11E+69
13,1.71E+03,1.58E+04,9.81E+04,4.99E+05,2.22E+06,8.96E+06,3.37E+07,1.19E+08,4.03E+08,1.31E+09,4.09E+09,1.25E+10,3.69E+10,1.07E+11,3.03E+11,8.45E+11,2.31E+12,6.24E+12,1.66E+13,4.36E+13,1.13E+14,2.90E+14,7.36E+14,1.85E+15,4.61E+15,1.14E+16,2.79E+16,6.80E+16,1.64E+17,3.94E+17,9.40E+17,2.23E+18,5.26E+18,1.23E+19,2.88E+19,6.67E+19,1.54E+20,3.55E+20,8.12E+20,1.85E+21,4.21E+21,9.52E+21,2.15E+22,4.82E+22,1.08E+23,2.41E+23,5.36E+23,1.19E+24,2.63E+24,5.80E+24,1.27E+25,2.79E+25,6.11E+25,1.33E+26,2.90E+26,6.30E+26,1.37E+27,2.95E+27,6.37E+27,1.37E+28,2.94E+28,6.31E+28,1.35E+29,2.88E+29,6.15E+29,1.31E+30,2.78E+30,5.90E+30,1.25E+31,2.64E+31,5.57E+31,1.17E+32,2.47E+32,5.19E+32,1.09E+33,2.28E+33,4.77E+33,9.96E+33,2.08E+34,4.33E+34,9.02E+34,1.87E+35,3.89E+35,8.07E+35,1.67E+36,3.46E+36,7.15E+36,1.48E+37,3.04E+37,6.27E+37,1.29E+38,2.65E+38,5.44E+38,1.12E+39,2.29E+39,4.69E+39,9.60E+39,1.96E+40,4.01E+40,8.17E+40,1.67E+41,3.39E+41,6.91E+41,1.41E+42,2.86E+42,5.80E+42,1.18E+43,2.39E+43,4.83E+43,9.78E+43,1.98E+44,4.00E+44,8.08E+44,1.63E+45,3.29E+45,6.63E+45,1.34E+46,2.69E+46,5.41E+46,1.09E+47,2.19E+47,4.39E+47,8.81E+47,1.77E+48,3.54E+48,7.10E+48,1.42E+49,2.84E+49,5.69E+49,1.14E+50,2.27E+50,4.53E+50,9.05E+50,1.80E+51,3.60E+51,7.17E+51,1.43E+52,2.84E+52,5.65E+52,1.12E+53,2.23E+53,4.44E+53,8.81E+53,1.75E+54,3.47E+54,6.88E+54,1.36E+55,2.70E+55,5.35E+55,1.06E+56,2.10E+56,4.15E+56,8.20E+56,1.62E+57,3.20E+57,6.32E+57,1.25E+58,2.46E+58,4.86E+58,9.57E+58,1.89E+59,3.72E+59,7.32E+59,1.44E+60,2.84E+60,5.58E+60,1.10E+61,2.16E+61,4.24E+61,8.33E+61,1.64E+62,3.21E+62,6.30E+62,1.24E+63,2.43E+63,4.76E+63,9.32E+63,1.83E+64,3.58E+64,7.01E+64,1.37E+65,2.68E+65,5.25E+65,1.03E+66,2.01E+66,3.92E+66,7.67E+66,1.50E+67,2.93E+67,5.71E+67,1.12E+68,2.18E+68,4.25E+68,8.28E+68,1.61E+69,3.15E+69,6.13E+69,1.19E+70,2.33E+70,4.53E+70,8.82E+70
14,3.14E+03,3.10E+04,2.02E+05,1.07E+06,4.94E+06,2.07E+07,8.00E+07,2.92E+08,1.01E+09,3.37E+09,1.08E+10,3.38E+10,1.02E+11,3.03E+11,8.80E+11,2.50E+12,6.98E+12,1.92E+13,5.20E+13,1.39E+14,3.67E+14,9.58E+14,2.47E+15,6.32E+15,1.60E+16,4.02E+16,1.00E+17,2.47E+17,6.06E+17,1.47E+18,3.57E+18,8.58E+18,2.05E+19,4.87E+19,1.15E+20,2.71E+20,6.33E+20,1.47E+21,3.42E+21,7.89E+21,1.81E+22,4.15E+22,9.47E+22,2.15E+23,4.87E+23,1.10E+24,2.47E+24,5.54E+24,1.24E+25,2.76E+25,6.13E+25,1.36E+26,3.00E+26,6.61E+26,1.45E+27,3.19E+27,6.97E+27,1.52E+28,3.31E+28,7.20E+28,1.56E+29,3.38E+29,7.29E+29,1.57E+30,3.38E+30,7.25E+30,1.55E+31,3.32E+31,7.09E+31,1.51E+32,3.22E+32,6.83E+32,1.45E+33,3.07E+33,6.49E+33,1.37E+34,2.89E+34,6.09E+34,1.28E+35,2.69E+35,5.64E+35,1.18E+36,2.47E+36,5.16E+36,1.08E+37,2.24E+37,4.67E+37,9.71E+37,2.02E+38,4.18E+38,8.67E+38,1.79E+39,3.71E+39,7.66E+39,1.58E+40,3.26E+40,6.72E+40,1.38E+41,2.84E+41,5.83E+41,1.20E+42,2.45E+42,5.03E+42,1.03E+43,2.10E+43,4.30E+43,8.78E+43,1.79E+44,3.65E+44,7.43E+44,1.51E+45,3.08E+45,6.25E+45,1.27E+46,2.58E+46,5.22E+46,1.06E+47,2.14E+47,4.34E+47,8.77E+47,1.77E+48,3.58E+48,7.22E+48,1.46E+49,2.94E+49,5.91E+49,1.19E+50,2.40E+50,4.82E+50,9.68E+50,1.94E+51,3.90E+51,7.83E+51,1.57E+52,3.15E+52,6.30E+52,1.26E+53,2.52E+53,5.05E+53,1.01E+54,2.01E+54,4.02E+54,8.03E+54,1.60E+55,3.19E+55,6.36E+55,1.27E+56,2.52E+56,5.02E+56,9.99E+56,1.99E+57,3.95E+57,7.84E+57,1.56E+58,3.09E+58,6.13E+58,1.22E+59,2.41E+59,4.78E+59,9.46E+59,1.87E+60,3.71E+60,7.33E+60,1.45E+61,2.87E+61,5.66E+61,1.12E+62,2.21E+62,4.36E+62,8.61E+62,1.70E+63,3.35E+63,6.60E+63,1.30E+64,2.56E+64,5.04E+64,9.92E+64,1.95E+65,3.84E+65,7.55E+65,1.48E+66,2.92E+66,5.73E+66,1.13E+67,2.21E+67,4.34E+67,8.51E+67,1.67E+68,3.27E+68,6.42E+68,1.26E+69,2.46E+69,4.83E+69,9.45E+69,1.85E+70,3.62E+70,7.08E+70,1.39E+71,2.71E+71,5.29E+71,1.03E+72
15,5.77E+03,6.05E+04,4.14E+05,2.28E+06,1.09E+07,4.71E+07,1.88E+08,7.05E+08,2.51E+09,8.58E+09,2.83E+10,9.01E+10,2.79E+11,8.45E+11,2.50E+12,7.25E+12,2.06E+13,5.78E+13,1.59E+14,4.34E+14,1.17E+15,3.09E+15,8.11E+15,2.11E+16,5.42E+16,1.38E+17,3.49E+17,8.74E+17,2.17E+18,5.37E+18,1.32E+19,3.21E+19,7.77E+19,1.87E+20,4.48E+20,1.07E+21,2.52E+21,5.95E+21,1.40E+22,3.26E+22,7.58E+22,1.75E+23,4.05E+23,9.30E+23,2.13E+24,4.85E+24,1.10E+25,2.50E+25,5.64E+25,1.27E+26,2.85E+26,6.38E+26,1.42E+27,3.17E+27,7.03E+27,1.56E+28,3.43E+28,7.56E+28,1.66E+29,3.64E+29,7.97E+29,1.74E+30,3.79E+30,8.24E+30,1.79E+31,3.87E+31,8.36E+31,1.80E+32,3.88E+32,8.34E+32,1.79E+33,3.83E+33,8.19E+33,1.75E+34,3.73E+34,7.93E+34,1.68E+35,3.57E+35,7.57E+35,1.60E+36,3.38E+36,7.14E+36,1.50E+37,3.16E+37,6.65E+37,1.40E+38,2.93E+38,6.13E+38,1.28E+39,2.68E+39,5.58E+39,1.16E+40,2.42E+40,5.04E+40,1.05E+41,2.17E+41,4.50E+41,9.33E+41,1.93E+42,3.99E+42,8.24E+42,1.70E+43,3.50E+43,7.21E+43,1.48E+44,3.05E+44,6.27E+44,1.29E+45,2.64E+45,5.40E+45,1.11E+46,2.26E+46,4.63E+46,9.45E+46,1.93E+47,3.93E+47,8.01E+47,1.63E+48,3.32E+48,6.75E+48,1.37E+49,2.79E+49,5.65E+49,1.15E+50,2.32E+50,4.71E+50,9.52E+50,1.93E+51,3.89E+51,7.87E+51,1.59E+52,3.21E+52,6.46E+52,1.30E+53,2.62E+53,5.28E+53,1.06E+54,2.14E+54,4.30E+54,8.63E+54,1.73E+55,3.48E+55,6.97E+55,1.40E+56,2.80E+56,5.61E+56,1.12E+57,2.24E+57,4.49E+57,8.97E+57,1.79E+58,3.58E+58,7.14E+58,1.42E+59,2.84E+59,5.66E+59,1.13E+60,2.25E+60,4.47E+60,8.90E+60,1.77E+61,3.52E+61,6.99E+61,1.39E+62,2.76E+62,5.47E+62,1.09E+63,2.15E+63,4.27E+63,8.46E+63,1.68E+64,3.32E+64,6.57E+64,1.30E+65,2.57E+65,5.08E+65,1.00E+66,1.99E+66,3.92E+66,7.74E+66,1.53E+67,3.02E+67,5.95E+67,1.17E+68,2.31E+68,4.56E+68,8.98E+68,1.77E+69,3.48E+69,6.85E+69,1.35E+70,2.65E+70,5.21E+70,1.02E+71,2.01E+71,3.95E+71,7.77E+71,1.52E+72,2.99E+72,5.87E+72,1.15E+73
16,1.06E+04,1.18E+05,8.43E+05,4.82E+06,2.38E+07,1.06E+08,4.36E+08,1.68E+09,6.15E+09,2.15E+10,7.26E+10,2.37E+11,7.50E+11,2.31E+12,6.98E+12,2.06E+13,5.99E+13,1.71E+14,4.79E+14,1.33E+15,3.62E+15,9.77E+15,2.60E+16,6.87E+16,1.79E+17,4.64E+17,1.19E+18,3.02E+18,7.62E+18,1.91E+19,4.74E+19,1.17E+20,2.87E+20,6.99E+20,1.69E+21,4.08E+21,9.79E+21,2.33E+22,5.54E+22,1.31E+23,3.08E+23,7.21E+23,1.68E+24,3.90E+24,9.03E+24,2.08E+25,4.78E+25,1.09E+26,2.49E+26,5.67E+26,1.28E+27,2.90E+27,6.54E+27,1.47E+28,3.29E+28,7.35E+28,1.64E+29,3.64E+29,8.07E+29,1.78E+30,3.94E+30,8.67E+30,1.90E+31,4.17E+31,9.13E+31,1.99E+32,4.34E+32,9.44E+32,2.05E+33,4.44E+33,9.60E+33,2.07E+34,4.46E+34,9.60E+34,2.06E+35,4.42E+35,9.47E+35,2.02E+36,4.32E+36,9.20E+36,1.96E+37,4.16E+37,8.83E+37,1.87E+38,3.96E+38,8.37E+38,1.77E+39,3.72E+39,7.84E+39,1.65E+40,3.46E+40,7.26E+40,1.52E+41,3.19E+41,6.66E+41,1.39E+42,2.90E+42,6.05E+42,1.26E+43,2.62E+43,5.45E+43,1.13E+44,2.35E+44,4.86E+44,1.01E+45,2.08E+45,4.30E+45,8.87E+45,1.83E+46,3.77E+46,7.77E+46,1.60E+47,3.29E+47,6.75E+47,1.38E+48,2.84E+48,5.82E+48,1.19E+49,2.44E+49,4.99E+49,1.02E+50,2.08E+50,4.24E+50,8.65E+50,1.76E+51,3.59E+51,7.30E+51,1.49E+52,3.02E+52,6.13E+52,1.24E+53,2.52E+53,5.11E+53,1.04E+54,2.10E+54,4.24E+54,8.58E+54,1.73E+55,3.50E+55,7.07E+55,1.43E+56,2.87E+56,5.79E+56,1.17E+57,2.35E+57,4.73E+57,9.50E+57,1.91E+58,3.84E+58,7.71E+58,1.55E+59,3.10E+59,6.22E+59,1.25E+60,2.50E+60,5.00E+60,1.00E+61,2.00E+61,4.00E+61,8.00E+61,1.60E+62,3.19E+62,6.37E+62,1.27E+63,2.53E+63,5.05E+63,1.01E+64,2.00E+64,3.99E+64,7.94E+64,1.58E+65,3.14E+65,6.24E+65,1.24E+66,2.46E+66,4.89E+66,9.71E+66,1.93E+67,3.82E+67,7.58E+67,1.50E+68,2.97E+68,5.89E+68,1.17E+69,2.31E+69,4.57E+69,9.03E+69,1.79E+70,3.53E+70,6.97E+70,1.38E+71,2.72E+71,5.37E+71,1.06E+72,2.09E+72,4.12E+72,8.12E+72,1.60E+73,3.15E+73,6.21E+73,1.22E+74
17,1.95E+04,2.29E+05,1.71E+06,1.01E+07,5.18E+07,2.37E+08,1.00E+09,3.97E+09,1.49E+10,5.34E+10,1.84E+11,6.13E+11,1.98E+12,6.24E+12,1.92E+13,5.78E+13,1.71E+14,4.96E+14,1.41E+15,3.98E+15,1.10E+16,3.03E+16,8.19E+16,2.19E+17,5.81E+17,1.52E+18,3.96E+18,1.02E+19,2.61E+19,6.62E+19,1.67E+20,4.16E+20,1.03E+21,2.55E+21,6.26E+21,1.53E+22,3.70E+22,8.93E+22,2.14E+23,5.12E+23,1.22E+24,2.88E+24,6.79E+24,1.59E+25,3.72E+25,8.67E+25,2.01E+26,4.65E+26,1.07E+27,2.46E+27,5.63E+27,1.28E+28,2.92E+28,6.61E+28,1.50E+29,3.37E+29,7.58E+29,1.70E+30,3.80E+30,8.48E+30,1.89E+31,4.19E+31,9.28E+31,2.05E+32,4.52E+32,9.96E+32,2.19E+33,4.79E+33,1.05E+34,2.29E+34,4.99E+34,1.08E+35,2.36E+35,5.10E+35,1.10E+36,2.39E+36,5.14E+36,1.11E+37,2.38E+37,5.11E+37,1.10E+38,2.34E+38,5.01E+38,1.07E+39,2.28E+39,4.84E+39,1.03E+40,2.18E+40,4.63E+40,9.80E+40,2.07E+41,4.38E+41,9.23E+41,1.94E+42,4.09E+42,8.60E+42,1.81E+43,3.79E+43,7.94E+43,1.66E+44,3.47E+44,7.25E+44,1.51E+45,3.15E+45,6.57E+45,1.37E+46,2.84E+46,5.90E+46,1.22E+47,2.54E+47,5.25E+47,1.09E+48,2.25E+48,4.64E+48,9.58E+48,1.97E+49,4.07E+49,8.38E+49,1.72E+50,3.54E+50,7.28E+50,1.49E+51,3.06E+51,6.28E+51,1.29E+52,2.63E+52,5.38E+52,1.10E+53,2.25E+53,4.59E+53,9.36E+53,1.91E+54,3.89E+54,7.91E+54,1.61E+55,3.27E+55,6.65E+55,1.35E+56,2.74E+56,5.56E+56,1.13E+57,2.28E+57,4.62E+57,9.36E+57,1.89E+58,3.83E+58,7.73E+58,1.56E+59,3.15E+59,6.35E+59,1.28E+60,2.58E+60,5.20E+60,1.05E+61,2.11E+61,4.23E+61,8.51E+61,1.71E+62,3.43E+62,6.89E+62,1.38E+63,2.77E+63,5.56E+63,1.11E+64,2.23E+64,4.47E+64,8.94E+64,1.79E+65,3.57E+65,7.14E+65,1.43E+66,2.85E+66,5.69E+66,1.13E+67,2.26E+67,4.51E+67,8.99E+67,1.79E+68,3.57E+68,7.10E+68,1.41E+69,2.81E+69,5.59E+69,1.11E+70,2.21E+70,4.38E+70,8.70E+70,1.73E+71,3.43E+71,6.79E+71,1.35E+72,2.67E+72,5.29E+72,1.05E+73,2.07E+73,4.11E+73,8.13E+73,1.61E+74,3.18E+74,6.28E+74,1.24E+75
18,3.59E+04,4.43E+05,3.44E+06,2.12E+07,1.12E+08,5.27E+08,2.29E+09,9.29E+09,3.57E+10,1.31E+11,4.60E+11,1.57E+12,5.17E+12,1.66E+13,5.20E+13,1.59E+14,4.79E+14,1.41E+15,4.11E+15,1.17E+16,3.31E+16,9.21E+16,2.53E+17,6.87E+17,1.85E+18,4.91E+18,1.29E+19,3.38E+19,8.75E+19,2.25E+20,5.73E+20,1.45E+21,3.65E+21,9.11E+21,2.26E+22,5.58E+22,1.37E+23,3.34E+23,8.10E+23,1.96E+24,4.70E+24,1.12E+25,2.68E+25,6.35E+25,1.50E+26,3.53E+26,8.26E+26,1.93E+27,4.48E+27,1.04E+28,2.40E+28,5.52E+28,1.27E+29,2.90E+29,6.61E+29,1.50E+30,3.41E+30,7.72E+30,1.74E+31,3.92E+31,8.79E+31,1.97E+32,4.39E+32,9.79E+32,2.18E+33,4.83E+33,1.07E+34,2.36E+34,5.21E+34,1.15E+35,2.51E+35,5.51E+35,1.21E+36,2.63E+36,5.74E+36,1.25E+37,2.71E+37,5.88E+37,1.27E+38,2.75E+38,5.94E+38,1.28E+39,2.75E+39,5.91E+39,1.27E+40,2.72E+40,5.81E+40,1.24E+41,2.65E+41,5.64E+41,1.20E+42,2.55E+42,5.42E+42,1.15E+43,2.43E+43,5.14E+43,1.09E+44,2.29E+44,4.83E+44,1.02E+45,2.14E+45,4.50E+45,9.44E+45,1.98E+46,4.14E+46,8.67E+46,1.81E+47,3.79E+47,7.90E+47,1.65E+48,3.43E+48,7.13E+48,1.48E+49,3.08E+49,6.39E+49,1.33E+50,2.75E+50,5.68E+50,1.18E+51,2.43E+51,5.02E+51,1.04E+52,2.13E+52,4.40E+52,9.05E+52,1.86E+53,3.83E+53,7.86E+53,1.61E+54,3.31E+54,6.79E+54,1.39E+55,2.85E+55,5.82E+55,1.19E+56,2.43E+56,4.97E+56,1.01E+57,2.07E+57,4.21E+57,8.58E+57,1.75E+58,3.55E+58,7.22E+58,1.47E+59,2.98E+59,6.05E+59,1.23E+60,2.49E+60,5.04E+60,1.02E+61,2.07E+61,4.18E+61,8.45E+61,1.71E+62,3.45E+62,6.97E+62,1.41E+63,2.84E+63,5.72E+63,1.15E+64,2.32E+64,4.67E+64,9.40E+64,1.89E+65,3.80E+65,7.63E+65,1.53E+66,3.08E+66,6.18E+66,1.24E+67,2.48E+67,4.98E+67,9.97E+67,2.00E+68,4.00E+68,8.00E+68,1.60E+69,3.20E+69,6.39E+69,1.28E+70,2.55E+70,5.09E+70,1.02E+71,2.03E+71,4.04E+71,8.05E+71,1.60E+72,3.19E+72,6.36E+72,1.27E+73,2.52E+73,5.01E+73,9.95E+73,1.98E+74,3.93E+74,7.80E+74,1.55E+75,3.08E+75,6.10E+75,1.21E+76
19,6.60E+04,8.56E+05,6.91E+06,4.39E+07,2.39E+08,1.16E+09,5.17E+09,2.15E+10,8.46E+10,3.17E+11,1.14E+12,3.96E+12,1.33E+13,4.36E+13,1.39E+14,4.34E+14,1.33E+15,3.98E+15,1.17E+16,3.41E+16,9.76E+16,2.76E+17,7.68E+17,2.12E+18,5.77E+18,1.55E+19,4.15E+19,1.10E+20,2.88E+20,7.50E+20,1.94E+21,4.96E+21,1.26E+22,3.19E+22,8.00E+22,2.00E+23,4.95E+23,1.22E+24,3.00E+24,7.31E+24,1.78E+25,4.29E+25,1.03E+26,2.47E+26,5.90E+26,1.40E+27,3.31E+27,7.80E+27,1.83E+28,4.28E+28,9.99E+28,2.32E+29,5.37E+29,1.24E+30,2.85E+30,6.55E+30,1.50E+31,3.41E+31,7.77E+31,1.76E+32,3.99E+32,9.00E+32,2.03E+33,4.55E+33,1.02E+34,2.28E+34,5.09E+34,1.13E+35,2.51E+35,5.57E+35,1.23E+36,2.72E+36,6.00E+36,1.32E+37,2.90E+37,6.35E+37,1.39E+38,3.03E+38,6.61E+38,1.44E+39,3.12E+39,6.78E+39,1.47E+40,3.17E+40,6.86E+40,1.48E+41,3.18E+41,6.84E+41,1.47E+42,3.15E+42,6.75E+42,1.44E+43,3.08E+43,6.57E+43,1.40E+44,2.98E+44,6.34E+44,1.34E+45,2.85E+45,6.04E+45,1.28E+46,2.70E+46,5.70E+46,1.20E+47,2.53E+47,5.33E+47,1.12E+48,2.35E+48,4.94E+48,1.03E+49,2.17E+49,4.53E+49,9.47E+49,1.98E+50,4.13E+50,8.61E+50,1.79E+51,3.73E+51,7.75E+51,1.61E+52,3.34E+52,6.94E+52,1.44E+53,2.98E+53,6.16E+53,1.27E+54,2.63E+54,5.43E+54,1.12E+55,2.31E+55,4.76E+55,9.80E+55,2.02E+56,4.14E+56,8.51E+56,1.75E+57,3.58E+57,7.35E+57,1.51E+58,3.08E+58,6.31E+58,1.29E+59,2.64E+59,5.38E+59,1.10E+60,2.24E+60,4.57E+60,9.32E+60,1.90E+61,3.86E+61,7.85E+61,1.60E+62,3.24E+62,6.59E+62,1.34E+63,2.71E+63,5.50E+63,1.11E+64,2.26E+64,4.57E+64,9.25E+64,1.87E+65,3.78E+65,7.64E+65,1.54E+66,3.12E+66,6.29E+66,1.27E+67,2.56E+67,5.15E+67,1.04E+68,2.09E+68,4.20E+68,8.45E+68,1.70E+69,3.41E+69,6.86E+69,1.38E+70,2.76E+70,5.54E+70,1.11E+71,2.23E+71,4.46E+71,8.94E+71,1.79E+72,3.58E+72,7.17E+72,1.43E+73,2.87E+73,5.73E+73,1.14E+74,2.28E+74,4.56E+74,9.10E+74,1.81E+75,3.62E+75,7.21E+75,1.44E+76,2.86E+76,5.70E+76,1.13E+77
20,1.21E+05,1.65E+06,1.38E+07,9.08E+07,5.08E+08,2.54E+09,1.16E+10,4.94E+10,1.99E+11,7.61E+11,2.79E+12,9.89E+12,3.39E+13,1.13E+14,3.67E+14,1.17E+15,3.62E+15,1.10E+16,3.31E+16,9.76E+16,2.83E+17,8.12E+17,2.30E+18,6.41E+18,1.77E+19,4.84E+19,1.31E+20,3.51E+20,9.32E+20,2.45E+21,6.41E+21,1.66E+22,4.28E+22,1.09E+23,2.78E+23,7.00E+23,1.76E+24,4.38E+24,1.09E+25,2.68E+25,6.57E+25,1.60E+26,3.90E+26,9.42E+26,2.27E+27,5.44E+27,1.30E+28,3.09E+28,7.32E+28,1.73E+29,4.06E+29,9.52E+29,2.22E+30,5.18E+30,1.20E+31,2.78E+31,6.42E+31,1.48E+32,3.38E+32,7.74E+32,1.77E+33,4.02E+33,9.11E+33,2.06E+34,4.66E+34,1.05E+35,2.36E+35,5.29E+35,1.18E+36,2.64E+36,5.89E+36,1.31E+37,2.91E+37,6.44E+37,1.42E+38,3.14E+38,6.92E+38,1.52E+39,3.34E+39,7.32E+39,1.60E+40,3.50E+40,7.62E+40,1.66E+41,3.61E+41,7.83E+41,1.70E+42,3.67E+42,7.93E+42,1.71E+43,3.69E+43,7.93E+43,1.70E+44,3.66E+44,7.84E+44,1.68E+45,3.59E+45,7.66E+45,1.63E+46,3.48E+46,7.41E+46,1.57E+47,3.34E+47,7.09E+47,1.50E+48,3.18E+48,6.72E+48,1.42E+49,2.99E+49,6.31E+49,1.33E+50,2.79E+50,5.87E+50,1.23E+51,2.59E+51,5.42E+51,1.13E+52,2.37E+52,4.96E+52,1.04E+53,2.16E+53,4.50E+53,9.38E+53,1.95E+54,4.06E+54,8.44E+54,1.75E+55,3.63E+55,7.53E+55,1.56E+56,3.23E+56,6.68E+56,1.38E+57,2.85E+57,5.89E+57,1.21E+58,2.50E+58,5.16E+58,1.06E+59,2.18E+59,4.49E+59,9.22E+59,1.89E+60,3.88E+60,7.96E+60,1.63E+61,3.34E+61,6.84E+61,1.40E+62,2.86E+62,5.84E+62,1.19E+63,2.44E+63,4.97E+63,1.01E+64,2.06E+64,4.20E+64,8.55E+64,1.74E+65,3.53E+65,7.18E+65,1.46E+66,2.96E+66,6.01E+66,1.22E+67,2.47E+67,5.00E+67,1.01E+68,2.05E+68,4.15E+68,8.38E+68,1.69E+69,3.42E+69,6.91E+69,1.40E+70,2.81E+70,5.68E+70,1.14E+71,2.30E+71,4.64E+71,9.34E+71,1.88E+72,3.78E+72,7.60E+72,1.53E+73,3.07E+73,6.16E+73,1.24E+74,2.48E+74,4.98E+74,9.98E+74,2.00E+75,4.01E+75,8.03E+75,1.61E+76,3.22E+76,6.43E+76,1.29E+77,2.57E+77,5.14E+77,1.03E+78
